4.08692 1 0
4.84833 2 0
5.26967 3 0
6.74267 4 0
7.59151 5 0
8.76502 6 1
9.69417 7 1
10.6291 8 1
11.6388 9 2
12.5093 10 2
13.3948 11 4
14.223 12 4
15.1794 13 5
16.0286 14 6
16.6964 15 8
17.5077 16 9
18.2572 17 11
18.9509 18 12
19.5383 19 16
20.4061 20 17
21.0409 21 21
21.8357 22 22
22.4995 23 26
23.0794 24 28
23.7452 25 32
24.415 26 35
24.7491 27 42
25.6724 28 44
26.4452 29 49
26.6991 30 51
27.8783 32 61
28.5648 33 69
28.9281 34 73
30.2902 36 86
30.7952 37 97
31.314 38 100
32.2333 40 115
33.2959 42 134
33.3154 43 145
34.4017 45 164
35.5611 47 187
36.4519 49 215
37.5214 51 240
