4.09491 1  0.00999977 130230 0
4.80514 2  0.00999965 135090 0
5.26732 3  0.00999965 141420 0
6.79305 4  0.00999999 158520 0
7.61797 5  0.00999979 166460 0
8.74762 6  0.00999999 173650 0
9.82856 7  0.00999983 190170 0
10.7354 8  0.00999982 197430 0
11.7573 9  0.0099999 207620 0
12.566 10  0.0099996 214080 0
13.4733 11  0.00999953 223280 0
14.2286 12  0.00999989 232090 1
14.9805 13  0.00999966 236550 1
15.9194 14  0.00999988 246830 1
16.8293 15  0.00999965 258140 2
17.6275 16  0.00999996 265790 2
18.4411 17  0.01 273880 3
18.9234 18  0.00999981 274010 3
19.6099 19  0.00999995 284200 4
20.4007 20  0.00999948 290200 4
20.8869 21  0.00999993 295210 6
21.7649 22  0.00999983 303700 6
22.2518 23  0.00999977 310820 8
23.0693 24  0.00999954 316280 9
23.7584 25  0.00999973 325660 10
24.2637 26  0.00999998 330240 11
25.0787 27  0.00999983 337850 14
25.7053 28  0.00999962 346120 15
26.5475 29  0.00999991 354140 17
27.3336 30  0.00999996 362690 18
27.9154 32  0.00999959 363190 24
28.7824 33  0.00999961 377070 27
29.4439 34  0.00999995 381800 29
30.6252 36  0.0099998 401090 39
30.7081 37  0.00999993 389360 39
31.4802 38  0.00999989 398330 42
32.4682 40  0.00999988 414750 50
33.2076 42  0.00999999 412490 57
33.6408 43  0.01 419620 63
34.3878 45  0.00999974 428400 75
35.6067 47  0.00999999 437230 86
36.5237 49  0.00999967 449840 100
37.3567 51  0.00999971 456550 117
