102.985 1  0.0110195 1000000 0
117.378 2  0.0147785 1000000 0
61.6046 3  0.0102622 1000000 0
67.8929 4  0.0100289 1000000 0
105.227 5  0.0129508 1000000 0
119.764 6  0.0139491 1000000 1
142.854 7  0.0157716 1000000 1
164.127 8  0.0170476 1000000 1
179.846 9  0.0176299 1000000 2
211.445 10  0.0182799 1000000 2
214.224 11  0.0191787 1000000 3
241.649 12  0.0207446 1000000 4
251.3 13  0.0208539 1000000 5
279.968 14  0.0221464 1000000 6
279.844 15  0.0216922 1000000 7
305.343 16  0.0231031 1000000 8
321.695 17  0.0233949 1000000 10
342.388 18  0.0240435 1000000 11
352.375 19  0.0242391 1000000 14
367.213 20  0.0236455 1000000 16
397.577 21  0.0261112 1000000 19
402.959 22  0.0257771 1000000 20
420.797 23  0.0264548 1000000 24
436.74 24  0.0274131 1000000 25
449.117 25  0.0271071 1000000 30
468.852 26  0.0278939 1000000 31
504.479 27  0.0292383 1000000 37
522.081 28  0.0298617 1000000 39
511.708 29  0.0286471 1000000 44
567.603 30  0.0312281 1000000 47
599.872 32  0.031976 1000000 57
602.197 33  0.0317425 1000000 64
622.264 34  0.0322627 1000000 66
660.581 36  0.033395 1000000 80
692.413 37  0.0343658 1000000 88
704.816 38  0.034776 1000000 91
730.486 40  0.0349009 1000000 106
777.37 42  0.0363339 1000000 122
767 43  0.0356113 1000000 137
819.7 45  0.037055 1000000 147
819.798 47  0.0364091 1000000 165
924.67 49  0.0402283 1000000 186
899.502 51  0.0380896 1000000 209
