104.016 1  0.00350337 10000000 1
115.801 2  0.00458755 10000000 2
61.9632 3  0.00324718 10000000 4
68.2951 4  0.00319795 10000000 5
105.263 5  0.00409339 10000000 8
120.196 6  0.00442923 10000000 9
142.575 7  0.00497295 10000000 14
164.897 8  0.0054431 10000000 16
176.736 9  0.00548147 10000000 22
205.868 10  0.00563856 10000000 26
242.437 12  0.00660111 10000000 40
276.365 14  0.0069234 10000000 60
312.071 16  0.0074982 10000000 86
353.418 19  0.00769763 10000000 144
424.844 23  0.00842864 10000000 238
