0.75275 1  0.00307429 1000000 0
0.856733 2  0.00309176 1000000 0
0.951946 3  0.00310863 1000000 0
1.01913 4  0.00311801 1000000 0
1.06843 5  0.0031232 1000000 0
1.1063 6  0.00312529 1000000 1
1.13885 7  0.00312905 1000000 1
1.16423 8  0.00312936 1000000 1
1.18447 9  0.00312934 1000000 2
1.20158 10  0.00312959 1000000 2
1.21793 11  0.00313013 1000000 3
1.22977 12  0.00312796 1000000 4
1.24367 13  0.00312795 1000000 5
1.25422 14  0.00312815 1000000 6
1.26469 15  0.00312794 1000000 7
1.27261 16  0.00312829 1000000 8
1.27927 17  0.00312675 1000000 10
1.28763 18  0.0031281 1000000 11
1.29236 19  0.00312764 1000000 14
1.29715 20  0.00312658 1000000 15
1.30286 21  0.00312553 1000000 18
1.30697 22  0.00312716 1000000 20
1.31422 23  0.00312725 1000000 23
1.31644 24  0.00312623 1000000 25
1.32005 25  0.00312502 1000000 29
1.32577 26  0.00312631 1000000 31
1.32551 27  0.00312512 1000000 36
1.33016 28  0.00312489 1000000 39
1.33365 29  0.00312498 1000000 44
1.33547 30  0.00312411 1000000 46
1.34101 32  0.00312436 1000000 56
1.34163 33  0.00312372 1000000 63
1.34287 34  0.00312414 1000000 66
1.35009 36  0.00312379 1000000 77
1.3511 37  0.00312303 1000000 86
1.35189 38  0.00312297 1000000 90
1.35715 40  0.00312393 1000000 104
1.35915 42  0.00312374 1000000 120
1.36098 43  0.00312459 1000000 134
1.36408 45  0.00312513 1000000 153
1.36662 47  0.00312429 1000000 171
1.36812 49  0.00312522 1000000 195
1.37171 51  0.00312728 1000000 219
